-5.251734852790832520e-01
-2.025491952896118164e+00
-3.210414350032806396e-01
4.807872772216796875e-01
4.137884616851806641e+00
-5.180466175079345703e-01
-1.410338521003723145e+00
1.684194952249526978e-01
1.031143546104431152e+00
-1.831739395856857300e-01
6.681349277496337891e-01
-4.438471496105194092e-01
-1.578619241714477539e+00
2.015139311552047729e-01
-7.066166400909423828e-01
-9.722731113433837891e-01
3.114002645015716553e-01
1.711498141288757324e+00
2.716670334339141846e-01
7.866770625114440918e-01
-8.270486593246459961e-01
-9.243431687355041504e-01
-6.428251266479492188e-01
-1.168627858161926270e+00
1.570654511451721191e+00
4.762517452239990234e+00
-5.985310673713684082e-01
2.470302343368530273e+00
9.572366476058959961e-01
4.419585168361663818e-01
4.347110688686370850e-01
5.273533821105957031e+00
-4.934944212436676025e-01
-3.383878767490386963e-01
2.431835651397705078e+00
