-3.205705881118774414e-01
-3.681409060955047607e-01
-2.299192547798156738e-01
-5.188633203506469727e-01
-2.225430309772491455e-01
-1.586909145116806030e-01
-1.698949038982391357e-01
-2.006801217794418335e-01
-1.520742326974868774e-01
-3.489985466003417969e-01
-3.728049397468566895e-01
-1.170667707920074463e-01
-4.697215259075164795e-01
-5.571684241294860840e-01
-2.263691127300262451e-01
-1.522116959095001221e-01
-1.147072389721870422e-01
-2.549212276935577393e-01
-2.683324217796325684e-01
-2.428913265466690063e-01
-2.088774889707565308e-01
-4.868576824665069580e-01
-2.323696017265319824e-01
-1.700727492570877075e-01
-1.121063977479934692e-01
-1.431148052215576172e-01
-1.616993993520736694e-01
-2.893308401107788086e-01
-3.147652149200439453e-01
-7.509449124336242676e-01
-4.529188871383666992e-01
-2.267565727233886719e-01
-2.803639769554138184e-01
-2.102869302034378052e-01
-3.757242560386657715e-01
-1.947060376405715942e-01
-6.695911884307861328e-01
-4.772564172744750977e-01
-1.846052408218383789e-01
-5.234010219573974609e-01
-4.036445319652557373e-01
-3.628293871879577637e-01
-4.111199975013732910e-01
-3.799965977668762207e-01
-2.389351278543472290e-01
-1.585250049829483032e-01
-2.079550176858901978e-01
-1.753793060779571533e-01
-4.495494961738586426e-01
-3.093231618404388428e-01
