-1.501830220222473145e-01
-1.751623600721359253e-01
-1.255013234913349152e-02
-1.213247999548912048e-01
-1.556567698717117310e-01
-1.423191130161285400e-01
-1.575132831931114197e-02
-2.176793813705444336e-01
-1.046976000070571899e-01
-5.246433615684509277e-02
-1.998438984155654907e-01
-8.849762380123138428e-02
-4.229464009404182434e-02
-1.222047433257102966e-01
-2.038705199956893921e-01
-9.638669341802597046e-02
-2.020282447338104248e-01
2.295185178518295288e-01
-6.389754265546798706e-02
-2.490681856870651245e-01
-2.768878936767578125e-01
-1.661683917045593262e-01
-2.595117092132568359e-01
-1.606035083532333374e-01
-1.262609809637069702e-01
-2.461060732603073120e-01
-2.745147608220577240e-02
2.107141353189945221e-02
-2.248996794223785400e-01
2.462192997336387634e-02
-2.769698016345500946e-02
-1.633409410715103149e-01
-1.255372911691665649e-01
-1.520921438932418823e-01
3.579081892967224121e-01
-3.103579394519329071e-02
-9.565296932123601437e-05
-1.748033612966537476e-01
3.395327925682067871e-02
1.366255432367324829e-01
-5.478304624557495117e-02
-5.439667031168937683e-03
-1.670226454734802246e-01
-1.271870732307434082e-01
-6.058329716324806213e-02
-2.136389762163162231e-01
-9.589162468910217285e-02
-1.350993961095809937e-01
-7.263913005590438843e-02
-1.167750880122184753e-01
